556078
556327
556423
556159
555298
556771
557761
556317
556124
555690
555206
555831
555945
557337
557157
557020
556543
557544
556646
556241
556170
554423
556016
557114
556203
556457
556945
556177
556370
557250
556689
555750
556714
555224
555725
556645
555210
554922
556162
556464
556521
556137
556421
555001
555927
555636
556782
556433
556154
556072
554875
556139
556478
556084
556989
552894
555755
555544
556322
555838
555475
557232
555500
555707
555362
555112
555558
554914
554911
554206
553982
553299
553502
553564
554220
552730
553409
552146
552630
551523
549076
547992
547594
544627
543139
539567
535582
530028
522060
512624
503557
496835
493971
499246
506403
515584
523455
530970
536578
539211
542956
544575
547982
548104
550014
550375
550572
551124
552913
551894
553526
552706
552758
553068
552987
553978
554558
554095
554079
553809
554693
555623
554839
555406
555023
555831
556029
555328
554966
556172
554935
555480
554251
555078
554414
555364
555273
554156
552744
555403
554501
553621
553616
554132
553407
551577
552619
552955
550858
550855
546731
545572
542787
540787
533792
528006
522008
512623
507493
503858
506530
515182
523097
529126
536907
540445
543979
546462
547145
549784
550134
551654
551899
551406
552228
552791
555406
553729
554193
554762
554285
555130
554668
554859
555137
556085
554398
555087
555777
556197
556192
555837
554822
554997
555348
555710
554599
555763
554991
555713
556741
554179
554376
555377
556223
556219
555664
555198
553338
554096
554950
555222
554569
554580
553945
552799
553541
552859
551296
550527
548374
545331
542402
536930
532054
527729
525686
528736
531853
538129
542023
546255
548109
549099
552222
551995
552845
552671
553083
552387
553910
554209
553467
554476
554368
555065
553849
554482
554950
554929
553851
553273
554219
554268
553820
552943
553930
554287
554127
555005
554116
553047
554368
552565
552981
552954
552834
551717
550912
551889
549181
547506
545142
542267
539225
535609
528533
525993
525868
529769
535719
539179
542627
546331
548809
550905
551630
553677
552360
554554
553478
554457
553368
556270
554754
554195
556123
555313
555192
554861
555103
555384
556283
554883
556382
554954
554962
554581
556015
555531
555980
556207
556331
556124
555634
553772
554072
555041
555179
555682
554976
554820
553863
555722
555544
553922
554101
553132
554099
552516
552663
552231
552871
549838
548435
549513
546313
543154
540558
536483
532693
523731
517525
509624
503601
504153
511026
519341
526438
534083
538599
541254
544455
547396
548888
550469
551439
551376
551409
552742
552929
554032
554486
553075
554864
554988
553507
554963
555714
554963
554024
553838
554085
554568
554777
553654
553701
555499
555288
554830
555015
553804
554731
554287
554829
554345
552901
554415
553729
553840
553937
555056
554731
553485
552224
552762
551660
553243
550889
549275
549629
547123
545033
543571
542445
538265
534530
529119
520511
512378
502723
495388
494717
498125
507651
516241
524260
531764
535962
540954
543119
546017
546675
549213
549695
551286
551902
550612
551926
552511
552752
553838
554466
555221
553687
555762
555428
555269
554450
554374
555537
554612
556308
556218
554689
555581
554614
555250
555336
556690
554977
555871
555569
556290
556019
555891
555467
556677
554629
555446
556510
556288
556661
555284
555258
555467
556609
556122
557571
555232
555531
555590
556580
555901
556442
555736
555909
555535
557212
557129
555483
556401
556152
555321
556040
555809
555365
557578
557701
556142
556555
555953
556123
556410
556797
557277
556022
556531
556835
557455
555728
555834
555238
557124
556612
556546
556554
556481
555929
558703
555337
557077