394209
393447
393107
392592
393407
392351
393874
393695
392268
392679
393613
394029
393587
394027
393751
392920
393033
393657
393727
392732
394034
393558
394607
392737
393119
392004
392290
391646
393332
393564
392911
393997
393298
392476
393711
393214
393321
394173
393429
394086
393200
393902
393095
393242
393168
393698
393805
392433
393821
393382
393606
393985
392926
393444
393644
393492
393129
394126
394301
392873
392332
392868
393118
392133
393324
393000
392927
393772
393579
393729
391671
392135
393097
392156
392618
392845
393869
393328
393211
392577
393458
392872
393146
393114
392659
393898
393323
393236
392564
393387
393083
393035
392746
392138
392301
392788
393061
394073
392294
393881
393436
393107
393586
393266
392201
392647
392543
392370
393104
392001
392352
392214
391664
391767
391953
391026
392838
392489
391577
392076
391268
391792
392025
391694
394011
392119
392442
390657
392125
391595
391913
392908
391572
391549
391500
391939
390415
392040
391545
391716
391601
390339
391743
391370
391029
390784
390339
391378
391900
390151
391768
390092
391569
391946
390316
390167
390578
390978
390718
390473
390436
390383
389045
389429
389266
390083
389242
388824
389175
389871
388882
388350
388047
387838
387853
388168
387900
387632
388913
386724
386391
386740
386324
387089
385427
385360
384742
384370
385509
384146
383507
382614
383264
381998
382561
381991
381491
381220
379441
378404
378449
377805
375782
375539
376010
374404
372508
372603
371012
369799
368564
367472
366508
364843
362753
360591
359729
356895
355674
353555
351132
349844
347713
344339
342230
341120
338756
336821
334746
334158
332359
331823
330977
331113
329530
329236
330491
331086
331800
333071
332944
336002
336678
339262
340928
343144
344497
347205
349098
351462
352550
356450
357227
359691
361179
363053
363335
365936
367116
369828
371157
371216
372314
373593
374689
375873
375721
377003
378356
378741
378650
378856
379000
381102
381241
381851
382694
383833
384253
384138
384905
384349
383459
385104
385879
385190
385964
386605
383738
385336
386789
386106
387058
388233
388190
387625
388473
386646
387876
387728
389070
388765
390784
388480
389033
389022
388723
387807
390277
389537
390446
389618
389278
389166
389843
389774
390881
388925
390483
391791
390816
390798
391219
391806
392015
391438
390931
391149
392205
391037
390891
392127
391492
391336
391419
390595
391020
390825
392708
392672
391886
392175
391641
390553
392487
392179
392262
392340
391806
393345
392696
391782
391629
392386
392098
392686
391502
393020
390934
392311
392307
392227
393497
392526
393662
391660
392747
392734
393155
391256
392491
392783
393092
392825
392673
392970
391964
392377
393554
392317
393553
393169
392404
392645
392859
392560
393199
393636
391965
392890
392679
393004
392340
392712
392692
392389
393125
392947
393310
392888
393084
394423
393063
392680
393464
392758
393175
393041
392925
393017
393439
393565
393891
393746
394334
393217
393810
392479
393999
392678
393507
394521
392402
392580
392864
394240
393760
393763
393436
392805
393785
393635
393800
394241
393242
394465
393004
394086
393445
393191
393027
393885
394187
394013
394405
393243
392652
394566
394361
392221
394546
394067
394333
393405
394836
394492
393875
393028
393678
393453
394148
393620
394606
393533
393726
393997
394289
393617
392857
393702
393690
394185
394104
393194
392272
392126
393519
393337
393481
394463
392894
392885
394097
392452
392919
394322
393167
393234
393732
394238
393669
392971
394786
393718
392401
392947
393658
392871
392761
394152
393373
393663
393532
394708
393062
394841
394237
392666
394668
393666
394124
392063